[NL_config]
sensor_id = camera1721610034
cam_username = admin
cam_password = hik12345
local_ip = 192.168.1.87
local_port = 10000
rsu_ip = 192.168.1.87
rsu_port = 9000
cam_ip = 192.168.3.64
cam_port = 554
le_ul_x = 112.8659869
le_ul_y = 28.1114332
le_ur_x = 112.8659429
le_ur_y = 28.1114930
le_dl_x = 112.8662332
le_dl_y = 28.1117343
le_dr_x = 112.8661316
le_dr_y = 28.1118048
p1_x = 18
p1_y = 20
p2_x = 1095
p2_y = 24
p3_x = 21
p3_y = 614
p4_x = 1101
p4_y = 612

